STUDY_ID	SAMPLE_ID	CDS1	CDS2	RIC8A	RIC8B	MDM2	MDM4	SPTSSA	SPTSSB
uvm_tcga_pan_can_atlas_2018	TCGA-VD-AA8P-01	105.594	1114.16	2193.07	464.041	586.187	489.726	636.986	0
uvm_tcga_pan_can_atlas_2018	TCGA-WC-A883-01	155.446	2438.97	1187.99	385.331	1850.03	2331.14	737.822	1.0947
uvm_tcga_pan_can_atlas_2018	TCGA-V4-A9E5-01	46.7512	1465.13	3879.32	185.42	966.72	180.666	484.152	0
uvm_tcga_pan_can_atlas_2018	TCGA-V4-A9EY-01	15.0781	2112.31	3241.82	138.445	626.429	78.1322	496.208	0
uvm_tcga_pan_can_atlas_2018	TCGA-V4-A9F3-01	158.424	3130.38	1929.09	351.103	4441.02	832.798	1153.5	0.8563
uvm_tcga_pan_can_atlas_2018	TCGA-VD-A8K8-01	78.1059	1824.36	2031.79	358.015	5026.35	595.16	1113.98	0
uvm_tcga_pan_can_atlas_2018	TCGA-V4-A9F2-01	38.3649	1337.29	3102.77	232.016	850.423	637.588	763.645	0
uvm_tcga_pan_can_atlas_2018	TCGA-V4-A9E7-01	45.8129	2307.9	2484.58	315.335	1206.6	369.478	668.154	0
uvm_tcga_pan_can_atlas_2018	TCGA-VD-A8KN-01	65.0407	3293.7	2234.16	448.679	1495.43	519.817	806.402	0.5081
uvm_tcga_pan_can_atlas_2018	TCGA-VD-AA8N-01	40.2299	2172.41	2395.23	250.958	1593.87	319.923	557.471	0
uvm_tcga_pan_can_atlas_2018	TCGA-WC-A880-01	121.614	1775.89	1826.63	265.534	2029.21	304.833	654.806	0
uvm_tcga_pan_can_atlas_2018	TCGA-VD-A8KG-01	55.1559	1946.44	3208.63	219.824	724.62	266.187	545.563	0.3997
uvm_tcga_pan_can_atlas_2018	TCGA-VD-A8KJ-01	60.2514	1373.21	2040.91	302.124	1445.17	665.366	1078.02	0
uvm_tcga_pan_can_atlas_2018	TCGA-V4-A9EL-01	78.8415	3670.96	2268.02	369.268	4720.84	846.34	1286.4	0.4023
uvm_tcga_pan_can_atlas_2018	TCGA-VD-A8KB-01	26.1962	1279.63	2259.52	331.439	588.275	554.676	537.591	0
uvm_tcga_pan_can_atlas_2018	TCGA-VD-A8KF-01	145.635	1235.52	1733.54	443.82	3968.02	791.27	1157.3	0
uvm_tcga_pan_can_atlas_2018	TCGA-V4-A9EW-01	131.654	1869.03	2011.29	373.624	1087.73	685.507	740.892	0.454
uvm_tcga_pan_can_atlas_2018	TCGA-V4-A9EH-01	94.3048	3759.39	2514.98	351.218	1754.15	331.425	594.936	0.3881
uvm_tcga_pan_can_atlas_2018	TCGA-V4-A9F1-01	75.9053	2290.04	2049.01	368.036	3683.84	475.975	1597.84	0
uvm_tcga_pan_can_atlas_2018	TCGA-WC-AA9E-01	6.646	1365.09	2159.29	330.084	908.728000000001	762.517	1176.78	0
uvm_tcga_pan_can_atlas_2018	TCGA-V4-A9E8-01	12.8522	2785.96	3488.72	170.044	951.063	260.998	777.064	0
uvm_tcga_pan_can_atlas_2018	TCGA-YZ-A985-01	26.0896	1673.14	2220.59	357.314	1135.46	317.613	419.702	0
uvm_tcga_pan_can_atlas_2018	TCGA-V4-A9ES-01	63.6531	1303.51	2141.67	538.284	1220.02	911.439	798.893	0
uvm_tcga_pan_can_atlas_2018	TCGA-VD-AA8Q-01	47.0588	2139.71	2112.6	191.177	1147.06	569.118	473.529	0
uvm_tcga_pan_can_atlas_2018	TCGA-WC-A87W-01	73.2908	1313.79	1857.56	441.839	1651.76	1368.23	1209.51	0.4188
uvm_tcga_pan_can_atlas_2018	TCGA-VD-A8K7-01	151.584	1042.53	1547.15	304.072	2542.99	1266.97	752.489	0
uvm_tcga_pan_can_atlas_2018	TCGA-V4-A9EC-01	77.2201	1743.36	2281.28	271.633	759.482	416.988	426.073	0.9085
uvm_tcga_pan_can_atlas_2018	TCGA-V4-A9EA-01	16.9683	1705.88	3313.97	132.353	449.095	122.172	210.407	29.4118
uvm_tcga_pan_can_atlas_2018	TCGA-V4-A9F5-01	72.3231	2284.56	2589.15	300.637	1144.41	452.374	792.718	0
uvm_tcga_pan_can_atlas_2018	TCGA-V4-A9EM-01	61.8177	3013.47	3449.61	164.077	1208.62	475.477	578.891	0.5777
uvm_tcga_pan_can_atlas_2018	TCGA-V4-A9EV-01	122.82	1903.91	1966.21	346.833	4619.81	963.786999999999	1009.08	0
uvm_tcga_pan_can_atlas_2018	TCGA-VD-A8KH-01	548.665	1159.34	1790.41	445.996	1322.38	554.004	1024.64	0
uvm_tcga_pan_can_atlas_2018	TCGA-WC-A87Y-01	272.256	2634.83	1994.21	321.521	4151.25	585.998	1055.32	0.8643
uvm_tcga_pan_can_atlas_2018	TCGA-VD-A8KD-01	94.7984	1378.48	1811.48	409.562	2585	778.496	881.501999999999	0
uvm_tcga_pan_can_atlas_2018	TCGA-V4-A9EZ-01	18.2292	1451.82	2764.19	184.896	477.865	308.594	214.844	0
uvm_tcga_pan_can_atlas_2018	TCGA-WC-A888-01	73.115	2872.81	2770.99	261.995	3198.02	585.682	820.259	0
uvm_tcga_pan_can_atlas_2018	TCGA-V4-A9EF-01	45.2035	1883.65	2230.91	351.868	2060.87	306.151	623.603	0
uvm_tcga_pan_can_atlas_2018	TCGA-WC-A881-01	8.5179	1032.37	1902.58	333.901	1732.54	1286.2	928.45	0
uvm_tcga_pan_can_atlas_2018	TCGA-WC-AA9A-01	99.4838	1106.99	1976.31	444.392	1069.92	917.879	998.123	0
uvm_tcga_pan_can_atlas_2018	TCGA-RZ-AB0B-01	148.621	2084.78	1935.94	438.713	3072.01	978.039	1263.53	0.5107
uvm_tcga_pan_can_atlas_2018	TCGA-YZ-A980-01	474.312	1676.12	2508.89	448.418	2430.33	591.04	726.675	32.0592
uvm_tcga_pan_can_atlas_2018	TCGA-YZ-A984-01	12.99	5458.59	3227.36	276.502	856.414	314.544	496.404	0.9279
uvm_tcga_pan_can_atlas_2018	TCGA-VD-AA8S-01	55.315	1773.43	2289.17	200.028	686.129	284.397	509.01	1.1175
uvm_tcga_pan_can_atlas_2018	TCGA-VD-A8KM-01	139.101	2019.04	2217.79	219.395	2912.07	598.624	1152.77	0.7539
uvm_tcga_pan_can_atlas_2018	TCGA-V3-A9ZX-01	117.26	2970.96	2362.26	324.932	4313.97	439.452	1060.82	2.7397
uvm_tcga_pan_can_atlas_2018	TCGA-VD-A8KA-01	61.5175	1965.32	1959.55	470.864	734.973000000001	601.299	871.884	0
uvm_tcga_pan_can_atlas_2018	TCGA-YZ-A982-01	24.7788	1910.62	3024.04	193.805	685.841	412.389	566.372	0
uvm_tcga_pan_can_atlas_2018	TCGA-VD-AA8M-01	23.7762	1976.92	2338.85	295.105	732.168	146.154	537.762	0
uvm_tcga_pan_can_atlas_2018	TCGA-V4-A9EI-01	134.81	3297.15	2614.98	332.279	4085.13	487.342	1275.32	0
uvm_tcga_pan_can_atlas_2018	TCGA-V4-A9F0-01	53.2161	1606.66	2388.4	328.089	1633.97	453.494	791.763	0
uvm_tcga_pan_can_atlas_2018	TCGA-VD-A8KI-01	47.8496	2718.31	2852.99	290.515	1175.73	248.932	461.977	0
uvm_tcga_pan_can_atlas_2018	TCGA-WC-A882-01	60.2582	1459.11	3565.31	146.341	787.661	331.42	269.727	0
uvm_tcga_pan_can_atlas_2018	TCGA-WC-A88A-01	23.01	1044.15	2285.75	211.443	1495.02	260.572	679.105	0.6219
uvm_tcga_pan_can_atlas_2018	TCGA-V4-A9F4-01	26.3158	1421.62	1911.58	431.35	1293.48	574.943	998.284	2.2883
uvm_tcga_pan_can_atlas_2018	TCGA-V4-A9EO-01	53.6823	2569.65	2140.22	589.619	1876.66	507.986	1153.5	0
uvm_tcga_pan_can_atlas_2018	TCGA-V4-A9EK-01	130.483	1500.83	1682.58	223.765	817.324	1699.06	833.981	0
uvm_tcga_pan_can_atlas_2018	TCGA-V4-A9E9-01	21.8182	1608.73	2607.93	120.727	517.818	160.727	317.818	0
uvm_tcga_pan_can_atlas_2018	TCGA-WC-A885-01	61.9177	1377.13	2335.05	210.307	744.08	215.644	498.544	0
uvm_tcga_pan_can_atlas_2018	TCGA-VD-A8K9-01	160.555	1302.07	1875.88	410.766	2368.94	779.518	775.767	0
uvm_tcga_pan_can_atlas_2018	TCGA-VD-AA8R-01	118.08	1794.98	2071.77	354.671	813.149	241.782	840.398	0
uvm_tcga_pan_can_atlas_2018	TCGA-WC-A87T-01	91.0683	1417.69	1613.96	436.077	3728.98	1516.2	1029.33	0
uvm_tcga_pan_can_atlas_2018	TCGA-V4-A9EX-01	110.181	1799.16	2239.54	419.107	3617.85	715.481	1059.62	0.3487
uvm_tcga_pan_can_atlas_2018	TCGA-VD-A8KL-01	50.0404	1739.31	2950.48	270.379	1586.76	296.207	494.754	0
uvm_tcga_pan_can_atlas_2018	TCGA-V4-A9ET-01	11.7974	1483	2680.59	165.857	591.95	510.062	351.145	0
uvm_tcga_pan_can_atlas_2018	TCGA-V4-A9ED-01	52.9064	2244.26	2200.29	330.523	1173.04	271.359	528.495	0
uvm_tcga_pan_can_atlas_2018	TCGA-VD-AA8T-01	172.651	1050.78	1568.16	458.469	2453.39	1126.59	755.531000000001	0
uvm_tcga_pan_can_atlas_2018	TCGA-VD-A8KE-01	55.8511	2010.64	2022.82	380.319	1533.51	421.808	770.745	0
uvm_tcga_pan_can_atlas_2018	TCGA-VD-A8KK-01	67.3896	1487.22	2234.27	268.784	1930.29	515.105	529.822	0
uvm_tcga_pan_can_atlas_2018	TCGA-V4-A9EJ-01	119.729	2094.81	2188.37	262.787	1824.1	304.604	605.686	0
uvm_tcga_pan_can_atlas_2018	TCGA-VD-A8KO-01	122.137	1465.65	1562.25	466.739	2715.38	1113.41	1001.64	0
uvm_tcga_pan_can_atlas_2018	TCGA-VD-AA8O-01	105.184	2014.84	2444.23	212.982	976.712	313.593	706.891000000001	0
uvm_tcga_pan_can_atlas_2018	TCGA-WC-A884-01	67.6568	1597.36	2528.64	317.382	1217.27	311.331	644.114	0.5501
uvm_tcga_pan_can_atlas_2018	TCGA-V4-A9F7-01	131.57	1353.88	1721.74	474.296	1317.54	1273.38	1495.11	0.46
uvm_tcga_pan_can_atlas_2018	TCGA-WC-A87U-01	98.6595	1509.92	1699.57	338.874	1775.34	767.828	1480.97	0
uvm_tcga_pan_can_atlas_2018	TCGA-YZ-A983-01	123.153	1633.62	1889.46	416.256	2404.56	794.951	1056.03	0
uvm_tcga_pan_can_atlas_2018	TCGA-V4-A9EU-01	224.243	4182.29	2026.58	423.752	4132	977.763	1340.1	0.4122
uvm_tcga_pan_can_atlas_2018	TCGA-V3-A9ZY-01	51.8248	1454.01	2727.13	270.803	918.977999999999	229.197	543.066	0
uvm_tcga_pan_can_atlas_2018	TCGA-V4-A9EE-01	137.804	1618.16	1357.3	463.524	2804.81	995.602	1196.39	0
uvm_tcga_pan_can_atlas_2018	TCGA-V4-A9EQ-01	27.2397	1700.97	2396.89	225.787	874.092	239.104	500.605	0
uvm_tcga_pan_can_atlas_2018	TCGA-V4-A9F8-01	15.4506	1384.55	3214.43	280.687	416.309	257.511	330.472	0